3.166772723197937012e-01
1.529408991336822510e-01
1.542720198631286621e-01
7.073614001274108887e-02
8.105763792991638184e-02
3.313517570495605469e-02
5.260688066482543945e-02
6.454432010650634766e-02
2.589139342308044434e-02
3.554719686508178711e-02
1.866343617439270020e-02
2.791854739189147949e-02
2.015757560729980469e-02
3.212761878967285156e-02
2.676177024841308594e-02
2.852842211723327637e-02
2.929174900054931641e-02
2.291613817214965820e-02
2.592369914054870605e-02
1.166648268699645996e-01
3.390884399414062500e-02
2.133989334106445312e-02
4.634022712707519531e-02
1.899713277816772461e-02
1.311802864074707031e-02
1.803681254386901855e-02
2.255186438560485840e-02
1.453918218612670898e-02
1.652148365974426270e-02
1.537287235260009766e-02
1.401260495185852051e-02
2.472648024559020996e-02
2.098351716995239258e-02
1.096680760383605957e-02
2.762690186500549316e-02
2.357870340347290039e-02
1.339960098266601562e-02
1.180726289749145508e-02
1.444408297538757324e-02
1.847207546234130859e-02
1.329243183135986328e-02
1.406979560852050781e-02
1.241028308868408203e-02
1.447579264640808105e-02
1.619753241539001465e-02
1.225715875625610352e-02
1.049405336380004883e-02
1.314309239387512207e-02
