3.420625329017639160e-01
4.688284993171691895e-01
1.300966143608093262e-01
1.035333275794982910e-01
1.319316327571868896e-01
4.786318540573120117e-02
9.057816863059997559e-02
4.086780548095703125e-02
2.550386488437652588e-01
2.958109974861145020e-02
6.326943635940551758e-02
3.051885962486267090e-02
4.899460077285766602e-02
1.534943282604217529e-01
5.599677562713623047e-02
6.873238086700439453e-02
5.035519599914550781e-02
3.633221983909606934e-02
3.495895862579345703e-02
3.740614652633666992e-02
3.402811288833618164e-02
3.165543079376220703e-02
3.521978855133056641e-02
5.263468623161315918e-02
1.748526096343994141e-02
9.370094537734985352e-02
2.340638637542724609e-02
2.819338440895080566e-02
1.431855559349060059e-02
2.216395735740661621e-02
4.319155216217041016e-02
3.821456432342529297e-02
8.488953113555908203e-02
3.267762064933776855e-02
2.606701850891113281e-02
2.794021368026733398e-02
2.137199044227600098e-02
1.372316479682922363e-02
8.904597163200378418e-02
1.932913064956665039e-02
3.414979577064514160e-02
1.550170779228210449e-02
1.612630486488342285e-02
3.901600837707519531e-02
1.730906963348388672e-02
1.852244138717651367e-02
6.244015693664550781e-02
1.399943232536315918e-02
2.216631174087524414e-02
3.007435798645019531e-02
1.821839809417724609e-02
2.331471443176269531e-02
2.691873908042907715e-02
2.538639307022094727e-02
1.625755429267883301e-02
3.380778431892395020e-02
3.042894601821899414e-02
1.798966526985168457e-02
2.184337377548217773e-02
1.319783926010131836e-02
2.813708186149597168e-01
1.649996638298034668e-02
3.165400028228759766e-02
1.233428716659545898e-02
7.705688476562500000e-03
4.386720061302185059e-02
1.356455683708190918e-02
2.181464433670043945e-02
2.105355262756347656e-02
2.304702997207641602e-02
1.530292630195617676e-02
2.523913979530334473e-02
1.046764850616455078e-02
3.661477565765380859e-02
1.505792140960693359e-02
1.009371876716613770e-02
2.037805318832397461e-02
1.700031757354736328e-02
1.009654998779296875e-02
1.016831398010253906e-02
6.549596786499023438e-03
1.457098126411437988e-02
1.836746931076049805e-02
2.115285396575927734e-02
3.135603666305541992e-02
2.214192450046539307e-01
2.637431025505065918e-02
3.635987639427185059e-02
1.503756642341613770e-02
1.261058449745178223e-02
1.475208997726440430e-02
1.337224245071411133e-02
1.131433248519897461e-02
1.058787107467651367e-02
1.448017358779907227e-02
1.177671551704406738e-02
1.144015789031982422e-02
1.385426521301269531e-02
1.720756292343139648e-02
1.462528109550476074e-02
1.151981949806213379e-02
1.829993724822998047e-02
1.172661781311035156e-02
8.487433195114135742e-02
2.648985385894775391e-02
9.954392910003662109e-03
1.123154163360595703e-02
7.340788841247558594e-03
2.663069963455200195e-02
1.704004406929016113e-02
2.711731195449829102e-02
1.616156101226806641e-02
4.175940155982971191e-02
3.329080343246459961e-02
1.576980948448181152e-02
5.891293287277221680e-03
2.976307272911071777e-02
1.577866077423095703e-02
1.989746093750000000e-02
1.126015186309814453e-02
2.251335978507995605e-02
1.239889860153198242e-02
1.983740925788879395e-02
8.833736181259155273e-03
1.172721385955810547e-02
1.575022935867309570e-02
1.768034696578979492e-02
9.585708379745483398e-03
9.928166866302490234e-03
7.769405841827392578e-03
1.061344146728515625e-02
2.303999662399291992e-02
1.322492957115173340e-02
9.647101163864135742e-03
1.639953255653381348e-02
7.291615009307861328e-03
7.713019847869873047e-03
9.957700967788696289e-03
2.513045966625213623e-01
1.081794500350952148e-02
1.229566335678100586e-02
1.483783125877380371e-02
1.420855522155761719e-02
8.253395557403564453e-03
9.375929832458496094e-03
7.572621107101440430e-03
7.225155830383300781e-03
2.431914210319519043e-02
8.608281612396240234e-03
1.171767711639404297e-02
7.848083972930908203e-03
1.040297746658325195e-02
1.773846149444580078e-02
9.025275707244873047e-03
6.084418296813964844e-02
1.460164785385131836e-02
8.562326431274414062e-03
5.558192729949951172e-03
1.086977124214172363e-02
7.195919752120971680e-03
1.876944303512573242e-02
1.946875452995300293e-02
2.571192383766174316e-02
3.158006072044372559e-02
2.175056934356689453e-02
1.143404841423034668e-02
1.487153768539428711e-02
8.923053741455078125e-03
8.553087711334228516e-03
8.355170488357543945e-03
1.539289951324462891e-02
7.569283246994018555e-03
1.338213682174682617e-02
1.538801193237304688e-02
3.774464130401611328e-02
4.527151584625244141e-02
1.564568281173706055e-02
4.818356037139892578e-02
1.600328087806701660e-02
1.344117522239685059e-02
1.705995202064514160e-02
1.111602783203125000e-02
2.588284015655517578e-02
1.954346001148223877e-01
2.107885479927062988e-02
1.502498984336853027e-02
1.466101408004760742e-02
2.438989281654357910e-02
1.319485902786254883e-02
1.346182823181152344e-02
1.782524585723876953e-02
1.573875546455383301e-02
7.398694753646850586e-03
1.243865489959716797e-02
1.137655973434448242e-02
2.144438028335571289e-02
1.726663112640380859e-02
5.633771419525146484e-03
1.008903980255126953e-02
7.544636726379394531e-03
